time_dbl1 (sec),      time (at Earth),   flux w/o and w/ background (photons/sec), exptime (s);  bkg_interval, lc_bkg: 2014/09/01 09:40:00 2014/09/01 10:03:00       6986981.
      0.00000  2014-09-01T08:00:56.516       -291860.2       6695121.        8.00392
      300.000  2014-09-01T08:05:56.517       -298334.2       6688647.        8.00769
      599.999  2014-09-01T08:10:56.515       -295092.7       6691888.        8.00770
      904.003  2014-09-01T08:16:00.520       -264935.2       6722046.        16.0113
      1200.01  2014-09-01T08:20:56.531       -272789.7       6714192.        8.03432
      1500.00  2014-09-01T08:25:56.517       -292739.7       6694242.        8.00769
      1800.00  2014-09-01T08:30:56.516       -279132.2       6707849.        8.00770
      2100.00  2014-09-01T08:35:56.516       -285248.2       6701733.        8.00770
      2400.00  2014-09-01T08:40:56.514       -294922.2       6692059.        8.00769
      2700.00  2014-09-01T08:45:56.516       -270012.7       6716968.        8.00769
      3000.00  2014-09-01T08:50:56.514       -249230.2       6737751.        8.00770
      3300.00  2014-09-01T08:55:56.517       -241997.7       6744984.        8.00769
      3600.00  2014-09-01T09:00:56.512       -203030.2       6783951.        8.00769
      3900.00  2014-09-01T09:05:56.512       -166951.7       6820030.        8.00770
      4199.99  2014-09-01T09:10:56.509       -144307.7       6842674.        8.00388
      4499.99  2014-09-01T09:15:56.509       -132379.7       6854602.        8.00393
      4800.00  2014-09-01T09:20:56.513       -95780.20       6891201.        8.00394
      5099.99  2014-09-01T09:25:56.508       -99583.70       6887398.        8.00395
      5400.25  2014-09-01T09:30:56.771       -76711.20       6910270.        8.00772
      5699.99  2014-09-01T09:35:56.509        1566.800       6988548.        8.00772
      6000.00  2014-09-01T09:40:56.513       -9085.700       6977896.        8.00769
      6299.99  2014-09-01T09:45:56.508       -3286.200       6983695.        8.00770
      6599.99  2014-09-01T09:50:56.510       -7082.200       6979899.        8.00770
      6899.99  2014-09-01T09:55:56.510       -3265.700       6983716.        8.00770
      7200.00  2014-09-01T10:00:56.511        22719.80       7009701.        8.00772
      7499.99  2014-09-01T10:05:56.509        109001.8       7095983.        8.00770
      7799.99  2014-09-01T10:10:56.509        466902.8       7453884.        8.00769
      8103.99  2014-09-01T10:16:00.510        114181.8       7101163.        16.0113
      8399.99  2014-09-01T10:20:56.507        91156.80       7078138.        8.00769
      8699.99  2014-09-01T10:25:56.509        110020.3       7097002.        8.00770
      8999.99  2014-09-01T10:30:56.505        136978.8       7123960.        8.00769
      9299.99  2014-09-01T10:35:56.505        143532.3       7130514.        8.00770
      9599.99  2014-09-01T10:40:56.504        171800.3       7158782.        8.00392
      9899.99  2014-09-01T10:45:56.506        210418.3       7197400.        8.00769
      10200.0  2014-09-01T10:50:56.505        266004.8       7252986.        8.00769
      10500.0  2014-09-01T10:55:56.507        594417.3       7581398.        8.00769
      10800.0  2014-09-01T11:00:56.503        7907885.   1.489487e+07        8.00771
      11100.0  2014-09-01T11:05:56.505    1.136566e+07   1.835265e+07        8.00769
      11400.0  2014-09-01T11:10:56.503    1.532673e+07   2.231371e+07        8.00770
      11700.0  2014-09-01T11:15:56.502    1.361385e+07   2.060084e+07        8.00770
      12000.0  2014-09-01T11:20:56.504    1.182754e+07   1.881453e+07        8.00771
      12300.0  2014-09-01T11:25:56.501        9728625.   1.671561e+07        8.00770
      12600.0  2014-09-01T11:30:56.502        8608234.   1.559522e+07        8.00770
      12900.0  2014-09-01T11:35:56.501        7752215.   1.473920e+07        8.00768
      13200.0  2014-09-01T11:40:56.504        6807001.   1.379398e+07        8.00771
      13500.0  2014-09-01T11:45:56.500        6278731.   1.326571e+07        8.00769
      13800.0  2014-09-01T11:50:56.502        5619659.   1.260664e+07        8.00770
      14100.0  2014-09-01T11:55:56.503        5200777.   1.218776e+07        8.00770
      14400.0  2014-09-01T12:00:56.500        4847002.   1.183398e+07        8.00769
      14700.0  2014-09-01T12:05:56.497        4490274.   1.147726e+07        8.00769
      15000.0  2014-09-01T12:10:56.502        4230016.   1.121700e+07        8.00770
      15304.0  2014-09-01T12:16:00.500        3051851.   1.003883e+07        16.0113
      15600.0  2014-09-01T12:20:56.497        4074603.   1.106158e+07        8.00769
      15900.0  2014-09-01T12:25:56.498        3966938.   1.095392e+07        8.00770
      16200.0  2014-09-01T12:30:56.497        3998562.   1.098554e+07        8.00768
      16500.0  2014-09-01T12:35:56.496        3689345.   1.067633e+07        8.00771
      16800.0  2014-09-01T12:40:56.496        3375765.   1.036275e+07        8.00770
      17100.0  2014-09-01T12:45:56.496        3142847.   1.012983e+07        8.00772
      17400.0  2014-09-01T12:50:56.496        2925790.       9912771.        8.00768
      17700.0  2014-09-01T12:55:56.497        3032110.   1.001909e+07        8.00770
      18000.0  2014-09-01T13:00:56.497        3006335.       9993316.        8.00769
      18300.0  2014-09-01T13:05:56.499        2708973.       9695954.        8.00769
      18600.0  2014-09-01T13:10:56.497        2781105.       9768086.        8.00770
      18900.0  2014-09-01T13:15:56.496        2410115.       9397096.        8.00771
      19200.0  2014-09-01T13:20:56.499        2365101.       9352082.        8.00770
      19500.0  2014-09-01T13:25:56.496        2386983.       9373964.        8.00769
      19800.0  2014-09-01T13:30:56.493        2264293.       9251274.        8.00770
      20100.0  2014-09-01T13:35:56.495        2098700.       9085681.        8.00769
      20400.0  2014-09-01T13:40:56.492        1925968.       8912949.        8.00770
      20700.0  2014-09-01T13:45:56.492        1931724.       8918705.        8.00769
      21000.0  2014-09-01T13:50:56.492        1864232.       8851213.        8.00768
      21300.0  2014-09-01T13:55:56.490        1711390.       8698371.        8.00770
      21600.0  2014-09-01T14:00:56.491        1863698.       8850679.        8.00770
      21900.0  2014-09-01T14:05:56.492        1806206.       8793187.        8.00769
      22200.0  2014-09-01T14:10:56.491        1767358.       8754339.        8.00770
      22504.0  2014-09-01T14:16:00.491        1318567.       8305548.        16.0113
      22800.0  2014-09-01T14:20:56.488        1788367.       8775348.        8.00769
      23100.0  2014-09-01T14:25:56.488        2003816.       8990797.        8.00770
      23400.0  2014-09-01T14:30:56.485        1906236.       8893217.        8.00395
      23700.0  2014-09-01T14:35:56.487        1889122.       8876103.        8.00768
      24000.0  2014-09-01T14:40:56.487        1766853.       8753834.        8.00770
      24300.0  2014-09-01T14:45:56.487        1789452.       8776433.        8.00770
      24600.0  2014-09-01T14:50:56.488        1820777.       8807758.        8.00769
      24900.0  2014-09-01T14:55:56.485        1810179.       8797160.        8.00771
      25200.0  2014-09-01T15:00:56.490        1853967.       8840948.        8.00770
      25500.0  2014-09-01T15:05:56.484        1811448.       8798429.        8.00770
      25800.0  2014-09-01T15:10:56.488        1839493.       8826474.        8.00770
      26100.0  2014-09-01T15:15:56.487        1782894.       8769875.        8.00769
      26400.0  2014-09-01T15:20:56.485        1902851.       8889832.        8.00772
      26700.0  2014-09-01T15:25:56.484        1928204.       8915185.        8.00770
      27000.0  2014-09-01T15:30:56.484        1942124.       8929105.        8.00770
      27300.0  2014-09-01T15:35:56.485        2014290.       9001271.        8.00769
      27600.0  2014-09-01T15:40:56.485        1938239.       8925220.        8.00770
      27900.0  2014-09-01T15:45:56.483        2238539.       9225520.        8.00771
      28200.0  2014-09-01T15:50:56.486        2041749.       9028730.        8.00770
      28500.0  2014-09-01T15:55:56.481        2015045.       9002026.        8.00769
      28800.0  2014-09-01T16:00:56.483        2036576.       9023557.        8.00770
